30.0, 446.0
30.0, 509.0
29.0, 517.0
27.0, 509.0
30.0, 505.0
29.0, 472.0
29.0, 506.0
24.0, 506.0
27.0, 506.0
 34.0, 511.0
 23.0, 511.0
 23.0, 512.0
 22.0, 522.0
 18.0, 446.0
 21.0, 465.0
 23.0, 515.0
 24.0, 513.0
 24.0, 511.0
 23.0, 538.0
 25.0, 488.0
 25.0, 445.0
 25.0, 514.0
 26.0, 514.0
 29.0, 513.0
 21.0, 511.0
 27.0, 515.0
 26.0, 512.0
 27.0, 533.0
 27.0, 513.0
 26.0, 456.0
 26.0, 517.0
 24.0, 520.0
 28.0, 520.0
 23.0, 543.0
 24.0, 460.0
 22.0, 511.0
 21.0, 525.0
 21.0, 474.0
 21.0, 472.0
 20.0, 530.0
 21.0, 530.0
 17.0, 558.0
 21.0, 544.0
 19.0, 505.0
 16.0, 542.0
 20.0, 542.0
 18.0, 542.0
 17.0, 547.0
 20.0, 543.0
 21.0, 565.0
 22.0, 543.0
 21.0, 541.0
 21.0, 543.0
 20.0, 543.0
 19.0, 546.0
 19.0, 536.0
 18.0, 516.0
 17.0, 551.0
 17.0, 553.0
 16.0, 554.0
 15.0, 564.0
 15.0, 557.0
 13.0, 559.0
 11.0, 560.0
 11.0, 562.0
 10.0, 558.0
 9.0, 587.0
