24.0, 399.0
27.0, 397.0
25.0, 399.0
28.0, 397.0
16.0, 395.0
19.0, 397.0
19.0, 438.0
11.0, 438.0
11.0, 441.0
 17.0, 442.0
 24.0, 404.0
 29.0, 410.0
 20.0, 412.0
 30.0, 416.0
 30.0, 416.0
 30.0, 424.0
 27.0, 454.0
 27.0, 423.0
 24.0, 423.0
 25.0, 426.0
 26.0, 428.0
 24.0, 430.0
 19.0, 434.0
 22.0, 434.0
 21.0, 438.0
 22.0, 484.0
 21.0, 448.0
 19.0, 446.0
 18.0, 456.0
 14.0, 456.0
 19.0, 458.0
 17.0, 466.0
 17.0, 480.0
 16.0, 475.0
 16.0, 473.0
 15.0, 478.0
 14.0, 485.0
 11.0, 485.0
 13.0, 490.0
 12.0, 494.0
 12.0, 495.0
 12.0, 500.0
 12.0, 497.0
 9.0, 496.0
