53.0, 345.0
50.0, 298.0
56.0, 302.0
46.0, 301.0
51.0, 297.0
48.0, 297.0
40.0, 297.0
40.0, 299.0
45.0, 297.0
 48.0, 292.0
 52.0, 297.0
 28.0, 297.0
 27.0, 296.0
 32.0, 294.0
 33.0, 297.0
 30.0, 296.0
 33.0, 294.0
 30.0, 304.0
 25.0, 296.0
 28.0, 297.0
 32.0, 305.0
 32.0, 294.0
 31.0, 320.0
 29.0, 296.0
 28.0, 298.0
 27.0, 296.0
 26.0, 337.0
 26.0, 299.0
 25.0, 298.0
 25.0, 303.0
 25.0, 299.0
 24.0, 302.0
 18.0, 303.0
 22.0, 344.0
 21.0, 308.0
 21.0, 308.0
 21.0, 311.0
 23.0, 312.0
 22.0, 313.0
 21.0, 313.0
 20.0, 319.0
 21.0, 326.0
 19.0, 323.0
 19.0, 321.0
 20.0, 322.0
 19.0, 358.0
 19.0, 322.0
 18.0, 362.0
 17.0, 373.0
 17.0, 329.0
 16.0, 335.0
 16.0, 332.0
 15.0, 332.0
 14.0, 384.0
 14.0, 334.0
 13.0, 354.0
 13.0, 364.0
 12.0, 344.0
 11.0, 345.0
 10.0, 354.0
 10.0, 348.0
 9.0, 369.0
