21.0, 502.0
25.0, 503.0
23.0, 504.0
24.0, 437.0
23.0, 527.0
24.0, 500.0
12.0, 508.0
16.0, 472.0
12.0, 504.0
 14.0, 499.0
 13.0, 507.0
 13.0, 532.0
 13.0, 506.0
 11.0, 504.0
 13.0, 534.0
 13.0, 508.0
 11.0, 509.0
 13.0, 508.0
 17.0, 533.0
 19.0, 514.0
 20.0, 513.0
 21.0, 505.0
 22.0, 485.0
 22.0, 529.0
 20.0, 524.0
 22.0, 523.0
 18.0, 527.0
 23.0, 526.0
 23.0, 534.0
 21.0, 559.0
 22.0, 535.0
 21.0, 535.0
 21.0, 516.0
 22.0, 536.0
 21.0, 466.0
 22.0, 533.0
 21.0, 544.0
 21.0, 534.0
 21.0, 532.0
 21.0, 538.0
 20.0, 538.0
 19.0, 503.0
 18.0, 495.0
 17.0, 539.0
 16.0, 540.0
 15.0, 548.0
 14.0, 546.0
 13.0, 481.0
 12.0, 554.0
 11.0, 550.0
 11.0, 555.0
 10.0, 554.0
 9.0, 558.0
