28.0, 479.0
29.0, 518.0
29.0, 498.0
29.0, 499.0
29.0, 440.0
53.0, 527.0
48.0, 503.0
34.0, 506.0
44.0, 513.0
 64.0, 504.0
 45.0, 528.0
 42.0, 504.0
 43.0, 504.0
 46.0, 504.0
 42.0, 507.0
 36.0, 506.0
 39.0, 505.0
 33.0, 507.0
 25.0, 509.0
 25.0, 532.0
 24.0, 513.0
 25.0, 510.0
 25.0, 513.0
 26.0, 513.0
 20.0, 515.0
 21.0, 511.0
 23.0, 507.0
 25.0, 512.0
 20.0, 529.0
 15.0, 452.0
 17.0, 519.0
 16.0, 517.0
 17.0, 522.0
 18.0, 530.0
 21.0, 528.0
 21.0, 531.0
 22.0, 532.0
 22.0, 533.0
 17.0, 535.0
 20.0, 537.0
 20.0, 535.0
 19.0, 536.0
 18.0, 539.0
 17.0, 542.0
 17.0, 561.0
 17.0, 544.0
 18.0, 545.0
 18.0, 542.0
 17.0, 548.0
 16.0, 477.0
 17.0, 548.0
 17.0, 547.0
 16.0, 572.0
 17.0, 547.0
 16.0, 550.0
 15.0, 551.0
 14.0, 578.0
 14.0, 536.0
 14.0, 486.0
 14.0, 554.0
 13.0, 558.0
 11.0, 558.0
 11.0, 562.0
 10.0, 587.0
 10.0, 500.0
 10.0, 568.0
 9.0, 568.0
