30.0, 512.0
30.0, 517.0
29.0, 472.0
34.0, 514.0
29.0, 513.0
30.0, 512.0
34.0, 512.0
22.0, 447.0
22.0, 518.0
 31.0, 511.0
 18.0, 500.0
 25.0, 503.0
 18.0, 508.0
 15.0, 506.0
 13.0, 510.0
 15.0, 509.0
 13.0, 524.0
 15.0, 511.0
 20.0, 515.0
 25.0, 517.0
 26.0, 463.0
 21.0, 517.0
 25.0, 519.0
 24.0, 521.0
 20.0, 521.0
 23.0, 526.0
 22.0, 549.0
 17.0, 501.0
 22.0, 526.0
 22.0, 529.0
 22.0, 464.0
 22.0, 532.0
 22.0, 534.0
 22.0, 535.0
 22.0, 558.0
 17.0, 539.0
 16.0, 549.0
 17.0, 541.0
 20.0, 563.0
 16.0, 542.0
 17.0, 547.0
 16.0, 541.0
 16.0, 544.0
 16.0, 559.0
 17.0, 484.0
 16.0, 549.0
 15.0, 520.0
 15.0, 552.0
 15.0, 551.0
 13.0, 555.0
 12.0, 508.0
 10.0, 489.0
 9.0, 557.0
