19.0, 500.0
18.0, 502.0
18.0, 441.0
20.0, 504.0
19.0, 504.0
22.0, 503.0
44.0, 442.0
44.0, 518.0
39.0, 531.0
 39.0, 513.0
 31.0, 444.0
 42.0, 512.0
 44.0, 511.0
 39.0, 510.0
 40.0, 518.0
 44.0, 515.0
 40.0, 504.0
 46.0, 513.0
 37.0, 516.0
 40.0, 516.0
 34.0, 516.0
 42.0, 507.0
 37.0, 522.0
 36.0, 524.0
 36.0, 523.0
 38.0, 508.0
 41.0, 522.0
 34.0, 524.0
 37.0, 461.0
 31.0, 504.0
 33.0, 524.0
 30.0, 525.0
 32.0, 553.0
 33.0, 528.0
 30.0, 528.0
 25.0, 467.0
 29.0, 470.0
 35.0, 533.0
 29.0, 533.0
 28.0, 557.0
 27.0, 538.0
 28.0, 557.0
 31.0, 466.0
 27.0, 502.0
 28.0, 534.0
 27.0, 537.0
 24.0, 539.0
 20.0, 541.0
 23.0, 543.0
 23.0, 544.0
 23.0, 546.0
 21.0, 545.0
 22.0, 548.0
 20.0, 516.0
 19.0, 550.0
 17.0, 544.0
 16.0, 545.0
 17.0, 557.0
 22.0, 542.0
 21.0, 492.0
 20.0, 551.0
 19.0, 539.0
 20.0, 539.0
 20.0, 541.0
 16.0, 554.0
 19.0, 543.0
 18.0, 543.0
 18.0, 544.0
 17.0, 544.0
 17.0, 549.0
 17.0, 514.0
 16.0, 571.0
 16.0, 572.0
 14.0, 554.0
 15.0, 550.0
 14.0, 579.0
 13.0, 568.0
 12.0, 552.0
 11.0, 561.0
 11.0, 562.0
 11.0, 562.0
 9.0, 564.0
