32.0, 180.0
31.0, 195.0
23.0, 186.0
32.0, 191.0
31.0, 196.0
30.0, 203.0
28.0, 207.0
27.0, 210.0
30.0, 212.0
 20.0, 258.0
 29.0, 222.0
 29.0, 254.0
 30.0, 231.0
 27.0, 233.0
 27.0, 235.0
 31.0, 241.0
 30.0, 249.0
 20.0, 288.0
 26.0, 249.0
 28.0, 248.0
 27.0, 250.0
 27.0, 254.0
 25.0, 284.0
 26.0, 298.0
 24.0, 259.0
 26.0, 259.0
 24.0, 262.0
 23.0, 265.0
 17.0, 309.0
 25.0, 290.0
 27.0, 304.0
 24.0, 276.0
 24.0, 278.0
 24.0, 279.0
 25.0, 283.0
 21.0, 281.0
 21.0, 319.0
 20.0, 286.0
 20.0, 284.0
 14.0, 286.0
 19.0, 291.0
 19.0, 290.0
 17.0, 293.0
 18.0, 293.0
 18.0, 294.0
 17.0, 303.0
 17.0, 294.0
 17.0, 297.0
 17.0, 295.0
 16.0, 300.0
 15.0, 301.0
 14.0, 302.0
 13.0, 302.0
 13.0, 304.0
 13.0, 305.0
 12.0, 305.0
 12.0, 310.0
 12.0, 308.0
 12.0, 307.0
 11.0, 310.0
 11.0, 308.0
 11.0, 333.0
 10.0, 360.0
 10.0, 345.0
 9.0, 351.0
