41.0, 304.0
68.0, 303.0
37.0, 300.0
59.0, 301.0
47.0, 308.0
51.0, 301.0
36.0, 301.0
48.0, 312.0
40.0, 300.0
 35.0, 299.0
 38.0, 310.0
 35.0, 319.0
 41.0, 301.0
 34.0, 295.0
 32.0, 298.0
 30.0, 298.0
 32.0, 344.0
 34.0, 345.0
 27.0, 295.0
 27.0, 302.0
 25.0, 299.0
 24.0, 303.0
 23.0, 304.0
 22.0, 308.0
 22.0, 309.0
 22.0, 310.0
 21.0, 310.0
 20.0, 348.0
 20.0, 316.0
 19.0, 318.0
 18.0, 362.0
 17.0, 325.0
 17.0, 322.0
 16.0, 323.0
 15.0, 327.0
 14.0, 331.0
 13.0, 335.0
 13.0, 339.0
 11.0, 341.0
 11.0, 348.0
 9.0, 346.0
