23.0, 394.0
23.0, 400.0
20.0, 408.0
30.0, 412.0
28.0, 413.0
28.0, 415.0
29.0, 414.0
18.0, 414.0
30.0, 417.0
 27.0, 417.0
 26.0, 418.0
 27.0, 460.0
 29.0, 420.0
 28.0, 421.0
 24.0, 423.0
 27.0, 433.0
 23.0, 427.0
 27.0, 427.0
 24.0, 425.0
 26.0, 427.0
 23.0, 429.0
 22.0, 431.0
 16.0, 438.0
 23.0, 439.0
 22.0, 464.0
 21.0, 445.0
 20.0, 449.0
 20.0, 450.0
 19.0, 451.0
 18.0, 457.0
 18.0, 459.0
 17.0, 460.0
 16.0, 469.0
 15.0, 473.0
 15.0, 475.0
 15.0, 480.0
 14.0, 484.0
 14.0, 485.0
 13.0, 488.0
 12.0, 489.0
 12.0, 491.0
 11.0, 498.0
 11.0, 501.0
 10.0, 499.0
 9.0, 524.0
