54.0, 302.0
63.0, 301.0
60.0, 300.0
60.0, 302.0
54.0, 302.0
60.0, 302.0
49.0, 302.0
49.0, 319.0
42.0, 296.0
 44.0, 300.0
 44.0, 299.0
 42.0, 328.0
 41.0, 299.0
 42.0, 346.0
 38.0, 299.0
 38.0, 309.0
 38.0, 299.0
 33.0, 338.0
 32.0, 339.0
 32.0, 337.0
 34.0, 299.0
 33.0, 296.0
 30.0, 299.0
 30.0, 301.0
 30.0, 301.0
 27.0, 303.0
 27.0, 306.0
 26.0, 305.0
 25.0, 310.0
 23.0, 311.0
 23.0, 316.0
 21.0, 367.0
 21.0, 316.0
 20.0, 320.0
 19.0, 321.0
 19.0, 330.0
 17.0, 330.0
 16.0, 359.0
 13.0, 357.0
 14.0, 339.0
 13.0, 339.0
 13.0, 342.0
 12.0, 342.0
 11.0, 343.0
 10.0, 385.0
 9.0, 350.0
