HMC5883 Magnetometer Test

X   Y   Z   Heading:Distance (cm)
164.45   -21.55   2.24   5.14   30
-372.36   -5.55   3.47   193.46   30
-372.36   -5.82   3.06   193.50   25
-372.36   -6.45   3.57   193.60   24
-372.36   -7.00   3.67   193.68   22
-372.36   -7.73   3.37   193.79   19
-372.36   -8.64   4.08   193.93   17
184.64   -9.55   3.78   9.65   15
183.91   -12.36   3.88   8.76   13
183.73   -14.64   4.29   8.05   10
181.36   -19.00   4.29   6.62   9
175.64   -26.27   5.00   4.10   10
166.09   -39.82   5.20   359.12   10
154.45   -55.36   5.20   352.89   13
154.36   -54.82   5.41   353.05   13
119.55   -104.00   1.33   331.58   -282
