HMC5883 Magnetometer Test

X   Y   Z   Heading:Distance (cm)
37.64   32.36   5.82   53.30   30
37.82   32.27   5.71   53.08   30
37.73   32.18   5.51   53.07   28
37.64   31.64   5.51   52.65   23
37.82   31.45   5.41   52.36   24
37.82   31.27   6.12   52.19   21
38.00   30.18   5.71   51.06   19
38.09   29.27   5.51   50.15   17
38.36   27.82   5.82   48.55   14
39.09   25.55   5.92   45.77   12
39.00   22.00   5.92   42.03   10
40.55   16.64   5.92   34.91   9
42.36   8.91   6.43   24.48   10
45.64   -6.55   6.94   4.44   9
50.91   -33.55   7.76   339.22   18
